
%% Aerodynamic and Inertial Parameters

m = 750; % kg
g = 9.81; % m/s^2
Ixx = 873; % kg-m^2
Iyy = 907; % kg-m^2
Izz = 1680; % kg-m^2
Ixz = 1144; % kg-m^2
S = 12.47; % m^2
b = 10.47; % m
cb = 1.211; % m
AR = 8.8;

cd0 = 0.035; k = 0.045; cL0 = 0.370; cLa = 5.0; cLq = 37.211; cLde = 0.374;
cm0 = 0.091; cma = -2.937; cmq = -8.719; cmde = -0.735;
cy0 = 0; cyb = -0.531; cyp = -0.0571; cyr = 0.4657; cydr = 0.1502;
cl0 = 0; clb = -0.031; clp = -0.262; clr = -0.0541; cldr = 0.005; clda = -0.153;
cn0 = 0; cnb = 0.01; cnp = -0.007; cnda = 0; cnr = -0.067; cndr = -0.047;
